   3.8000000e+02   4.5950000e-06   1.5760000e-06   4.5860000e-06
   3.8100000e+02   4.5877432e-06  -1.0683787e-07   2.5678694e-06
   3.8200000e+02   4.3295351e-06   1.0420424e-06   1.4064043e-06
   3.8300000e+02   3.8803094e-06   4.1681515e-06   9.6548706e-07
   3.8400000e+02   3.3000000e-06   8.4170000e-06   1.1090000e-06
   3.8500000e+02   2.6485406e-06   1.2934098e-05   1.7008254e-06
   3.8600000e+02   1.9858649e-06   1.6864958e-05   2.6048457e-06
   3.8700000e+02   1.3719068e-06   1.9355088e-05   3.6849431e-06
   3.8800000e+02   8.6660000e-07   1.9550000e-05   4.8050000e-06
   3.8900000e+02   5.1703672e-07   1.6957413e-05   5.8159226e-06
   3.9000000e+02   3.1894279e-07   1.2533877e-05   6.5167129e-06
   3.9100000e+02   2.5520246e-07   7.5981533e-06   6.6933967e-06
   3.9200000e+02   3.0870000e-07   3.4690000e-06   6.1320000e-06
   3.9300000e+02   4.8490162e-07   1.1443319e-06   4.8163435e-06
   3.9400000e+02   8.7960144e-07   3.3868319e-07   3.5214277e-06
   3.9500000e+02   1.6111755e-06   4.4574286e-07   3.2200481e-06
   3.9600000e+02   2.7980000e-06   8.5920000e-07   4.8850000e-06
   3.9700000e+02   4.4771334e-06   1.1329502e-06   9.2119846e-06
   3.9800000e+02   6.3603639e-06   1.4617149e-06   1.5788326e-05
   3.9900000e+02   8.0781626e-06   2.2004222e-06   2.3924255e-05
   4.0000000e+02   9.2610000e-06   3.7040000e-06   3.2930000e-05
   4.0100000e+02   9.6432978e-06   6.1593204e-06   4.2072265e-05
   4.0200000e+02   9.3752803e-06   9.0810321e-06   5.0443643e-05
   4.0300000e+02   8.7111227e-06   1.1815728e-05   5.7093199e-05
   4.0400000e+02   7.9050000e-06   1.3710000e-05   6.1070000e-05
   4.0500000e+02   7.1660662e-06   1.4272868e-05   6.1831690e-05
   4.0600000e+02   6.5233899e-06   1.3663057e-05   6.0470228e-05
   4.0700000e+02   5.9610187e-06   1.2201717e-05   5.8486152e-05
   4.0800000e+02   5.4630000e-06   1.0210000e-05   5.7380000e-05
   4.0900000e+02   5.0219532e-06   7.9919418e-06   5.8417538e-05
   4.1000000e+02   4.6647852e-06   5.7831165e-06   6.1925446e-05
   4.1100000e+02   4.4269745e-06   3.8019829e-06   6.7995631e-05
   4.1200000e+02   4.3440000e-06   2.2670000e-06   7.6720000e-05
   4.1300000e+02   4.4464804e-06   1.3293085e-06   8.8126439e-05
   4.1400000e+02   4.7455945e-06   8.7077742e-07   1.0198674e-04
   4.1500000e+02   5.2476614e-06   7.0595761e-07   1.1800867e-04
   4.1600000e+02   5.9590000e-06   6.4940000e-07   1.3590000e-04
   4.1700000e+02   6.8636253e-06   5.5989754e-07   1.5549952e-04
   4.1800000e+02   7.8563368e-06   4.7321132e-07   1.7717010e-04
   4.1900000e+02   8.8096299e-06   4.6934443e-07   2.0140563e-04
   4.2000000e+02   9.5960000e-06   6.2830000e-07   2.2870000e-04
   4.2100000e+02   1.0119159e-05   1.0123247e-06   2.5932454e-04
   4.2200000e+02   1.0407683e-05   1.6126398e-06   2.9266036e-04
   4.2300000e+02   1.0521366e-05   2.4027100e-06   3.2786600e-04
   4.2400000e+02   1.0520000e-05   3.3560000e-06   3.6410000e-04
   4.2500000e+02   1.0481036e-05   4.4313863e-06   4.0234762e-04
   4.2600000e+02   1.0552555e-05   5.5293919e-06   4.5090096e-04
   4.2700000e+02   1.0900297e-05   6.5359516e-06   5.1987881e-04
   4.2800000e+02   1.1690000e-05   7.3370000e-06   6.1940000e-04
   4.2900000e+02   1.3022666e-05   7.8480535e-06   7.5532873e-04
   4.3000000e+02   1.4740345e-05   8.1029550e-06   9.1651081e-04
   4.3100000e+02   1.6620352e-05   8.1651290e-06   1.0875375e-03
   4.3200000e+02   1.8440000e-05   8.0980000e-06   1.2530000e-03
   4.3300000e+02   1.9976113e-05   7.9760247e-06   1.3981453e-03
   4.3400000e+02   2.1003563e-05   7.9177881e-06   1.5108433e-03
   4.3500000e+02   2.1296731e-05   8.0529075e-06   1.5796196e-03
   4.3600000e+02   2.0630000e-05   8.5110000e-06   1.5930000e-03
   4.3700000e+02   1.8906474e-05   9.3478477e-06   1.5455714e-03
   4.3800000e+02   1.6544152e-05   1.0323892e-05   1.4561660e-03
   4.3900000e+02   1.4089754e-05   1.1125741e-05   1.3496777e-03
   4.4000000e+02   1.2090000e-05   1.1440000e-05   1.2510000e-03
   4.4100000e+02   1.0950958e-05   1.1034788e-05   1.1799755e-03
   4.4200000e+02   1.0516079e-05   1.0004267e-05   1.1362425e-03
   4.4300000e+02   1.0488160e-05   8.5241129e-06   1.1143883e-03
   4.4400000e+02   1.0570000e-05   6.7700000e-06   1.1090000e-03
   4.4500000e+02   1.0514475e-05   4.9246739e-06   1.1149016e-03
   4.4600000e+02   1.0274783e-05   3.1991646e-06   1.1278638e-03
   4.4700000e+02   9.8541990e-06   1.8115730e-06   1.1438941e-03
   4.4800000e+02   9.2560000e-06   9.8000000e-07   1.1590000e-03
   4.4900000e+02   8.5065001e-06   8.3626678e-07   1.1699495e-03
   4.5000000e+02   7.7241646e-06   1.1670747e-06   1.1765524e-03
   4.5100000e+02   7.0504969e-06   1.6728453e-06   1.1793791e-03
   4.5200000e+02   6.6270000e-06   2.0540000e-06   1.1790000e-03
   4.5300000e+02   6.5394618e-06   2.1051027e-06   1.1759255e-03
   4.5400000e+02   6.6508086e-06   1.9972866e-06   1.1704266e-03
   4.5500000e+02   6.7682510e-06   1.9958272e-06   1.1627144e-03
   4.5600000e+02   6.6990000e-06   2.3660000e-06   1.1530000e-03
   4.5700000e+02   6.3116839e-06   3.2742598e-06   1.1414735e-03
   4.5800000e+02   5.7206011e-06   4.4917788e-06   1.1282411e-03
   4.5900000e+02   5.1014678e-06   5.6909084e-06   1.1133881e-03
   4.6000000e+02   4.6300000e-06   6.5440000e-06   1.0970000e-03
   4.6100000e+02   4.4361933e-06   6.8532329e-06   1.0791651e-03
   4.6200000e+02   4.4671619e-06   6.9400981e-06   1.0599841e-03
   4.6300000e+02   4.6242995e-06   7.2559142e-06   1.0395611e-03
   4.6400000e+02   4.8090000e-06   8.2520000e-06   1.0180000e-03
   4.6500000e+02   4.9410898e-06   1.0259433e-05   9.9541164e-04
   4.6600000e+02   5.0141263e-06   1.3128329e-05   9.7193494e-04
   4.6700000e+02   5.0400996e-06   1.6588560e-05   9.4771577e-04
   4.6800000e+02   5.0310000e-06   2.0370000e-05   9.2290000e-04
   4.6900000e+02   5.0080882e-06   2.4347440e-05   8.9751963e-04
   4.7000000e+02   5.0297080e-06   2.8975336e-05   8.7115111e-04
   4.7100000e+02   5.1634738e-06   3.4853065e-05   8.4325704e-04
   4.7200000e+02   5.4770000e-06   4.2580000e-05   8.1330000e-04
   4.7300000e+02   6.0025261e-06   5.2799777e-05   7.8139267e-04
   4.7400000e+02   6.6307918e-06   6.6333076e-05   7.5024811e-04
   4.7500000e+02   7.2171615e-06   8.4044837e-05   7.2322950e-04
   4.7600000e+02   7.6170000e-06   1.0680000e-04   7.0370000e-04
   4.7700000e+02   7.7355573e-06   1.3541111e-04   6.9469876e-04
   4.7800000e+02   7.6776250e-06   1.7048111e-04   6.9796893e-04
   4.7900000e+02   7.5978802e-06   2.1256056e-04   7.1492963e-04
   4.8000000e+02   7.6510000e-06   2.6220000e-04   7.4700000e-04
   4.8100000e+02   7.9456042e-06   3.1933329e-04   7.9409197e-04
   4.8200000e+02   8.4060834e-06   3.8142749e-04   8.5008866e-04
   4.8300000e+02   8.9107709e-06   4.4533294e-04   9.0736603e-04
   4.8400000e+02   9.3380000e-06   5.0790000e-04   9.5830000e-04
   4.8500000e+02   9.5985415e-06   5.6601510e-04   9.9618650e-04
   4.8600000e+02   9.7329164e-06   6.1670895e-04   1.0180014e-03
   4.8700000e+02   9.8140831e-06   6.5704832e-04   1.0216406e-03
   4.8800000e+02   9.9150000e-06   6.8410000e-04   1.0050000e-03
   4.8900000e+02   1.0072136e-05   6.9584693e-04   9.6725266e-04
   4.9000000e+02   1.0176001e-05   6.9393672e-04   9.1268066e-04
   4.9100000e+02   1.0080616e-05   6.8093315e-04   8.4684334e-04
   4.9200000e+02   9.6400000e-06   6.5940000e-04   7.7530000e-04
   4.9300000e+02   8.7692271e-06   6.3148469e-04   7.0277163e-04
   4.9400000e+02   7.6275795e-06   5.9766919e-04   6.3062592e-04
   4.9500000e+02   6.4353921e-06   5.5801909e-04   5.5939226e-04
   4.9600000e+02   5.4130000e-06   5.1260000e-04   4.8960000e-04
   4.9700000e+02   4.7158150e-06   4.6204399e-04   4.2197645e-04
   4.9800000e+02   4.2395561e-06   4.0924903e-04   3.5804064e-04
   4.9900000e+02   3.8150192e-06   3.5767956e-04   2.9950951e-04
   5.0000000e+02   3.2730000e-06   3.1080000e-04   2.4810000e-04
   5.0100000e+02   2.5032269e-06   2.7132215e-04   2.0508661e-04
   5.0200000e+02   1.6311585e-06   2.3894719e-04   1.6997401e-04
   5.0300000e+02   8.4118583e-07   2.1262363e-04   1.4182441e-04
   5.0400000e+02   3.1770000e-07   1.9130000e-04   1.1970000e-04
   5.0500000e+02   1.8670698e-07   1.7400647e-04   1.0264912e-04
   5.0600000e+02   3.4067235e-07   1.6009973e-04   8.9664558e-05
   5.0700000e+02   6.1367653e-07   1.4901813e-04   7.9725216e-05
   5.0800000e+02   8.3980000e-07   1.4020000e-04   7.1810000e-05
   5.0900000e+02   8.9151701e-07   1.3306449e-04   6.5034402e-05
   5.1000000e+02   7.9487711e-07   1.2695390e-04   5.9060255e-05
   5.1100000e+02   6.1432365e-07   1.2119137e-04   5.3685981e-05
   5.1200000e+02   4.1430000e-07   1.1510000e-04   4.8710000e-05
   5.1300000e+02   2.5671559e-07   1.0825403e-04   4.3976710e-05
   5.1400000e+02   1.9334421e-07   1.0123216e-04   3.9514421e-05
   5.1500000e+02   2.7342572e-07   9.4864207e-05   3.5397421e-05
   5.1600000e+02   5.4620000e-07   8.9980000e-05   3.1700000e-05
   5.1700000e+02   1.0354222e-06   8.7118154e-05   2.8472666e-05
   5.1800000e+02   1.6629086e-06   8.5652472e-05   2.5670812e-05
   5.1900000e+02   2.3249906e-06   8.4665554e-05   2.3226052e-05
   5.2000000e+02   2.9180000e-06   8.3240000e-05   2.1070000e-05
   5.2100000e+02   3.3503785e-06   8.0673982e-05   1.9142471e-05
   5.2200000e+02   3.5790091e-06   7.7127957e-05   1.7416082e-05
   5.2300000e+02   3.5728851e-06   7.2977953e-05   1.5871653e-05
   5.2400000e+02   3.3010000e-06   6.8600000e-05   1.4490000e-05
   5.2500000e+02   2.7610468e-06   6.4450294e-05   1.3262450e-05
   5.2600000e+02   2.0655177e-06   6.1305702e-05   1.2222358e-05
   5.2700000e+02   1.3556048e-06   6.0023259e-05   1.1413587e-05
   5.2800000e+02   7.7250000e-07   6.1460000e-05   1.0880000e-05
   5.2900000e+02   4.2784066e-07   6.6897343e-05   1.0692572e-05
   5.3000000e+02   3.1504512e-07   7.9314237e-05   1.1030734e-05
   5.3100000e+02   3.9797702e-07   1.0211401e-04   1.2101029e-05
   5.3200000e+02   6.4050000e-07   1.3870000e-04   1.4110000e-05
   5.3300000e+02   1.0223718e-06   1.9527908e-04   1.7414917e-05
   5.3400000e+02   1.5869268e-06   2.8927235e-04   2.2975955e-05
   5.3500000e+02   2.3933934e-06   4.4090444e-04   3.1904016e-05
   5.3600000e+02   3.5010000e-06   6.7040000e-04   4.5310000e-05
   5.3700000e+02   4.9377658e-06   9.8978820e-04   6.3796509e-05
   5.3800000e+02   6.6068727e-06   1.3783164e-03   8.5932944e-05
   5.3900000e+02   8.3802932e-06   1.8070363e-03   1.0978041e-04
   5.4000000e+02   1.0130000e-05   2.2470000e-03   1.3340000e-04
   5.4100000e+02   1.1716542e-05   2.6652072e-03   1.5474623e-04
   5.4200000e+02   1.2954770e-05   3.0124497e-03   1.7134727e-04
   5.4300000e+02   1.3648113e-05   3.2354674e-03   1.8062467e-04
   5.4400000e+02   1.3600000e-05   3.2810000e-03   1.8000000e-04
   5.4500000e+02   1.2701177e-05   3.1166612e-03   1.6800652e-04
   5.4600000e+02   1.1191672e-05   2.7935598e-03   1.4762424e-04
   5.4700000e+02   9.3988311e-06   2.3836786e-03   1.2294483e-04
   5.4800000e+02   7.6500000e-06   1.9590000e-03   9.8060000e-05
   5.4900000e+02   6.2032487e-06   1.5791120e-03   7.6341427e-05
   5.5000000e+02   5.0395405e-06   1.2540234e-03   5.8280789e-05
   5.5100000e+02   4.0705621e-06   9.8134809e-04   4.3649756e-05
   5.5200000e+02   3.2080000e-06   7.5870000e-04   3.2220000e-05
   5.5300000e+02   2.3939839e-06   5.8276875e-04   2.3706049e-05
   5.5400000e+02   1.6924155e-06   4.4654648e-04   1.7593858e-05
   5.5500000e+02   1.1976393e-06   3.4210097e-04   1.3312238e-05
   5.5600000e+02   1.0040000e-06   2.6150000e-04   1.0290000e-05
   5.5700000e+02   1.1624562e-06   1.9782812e-04   8.0392347e-06
   5.5800000e+02   1.5504225e-06   1.4823693e-04   6.4051527e-06
   5.5900000e+02   2.0019276e-06   1.1089477e-04   5.3162444e-06
   5.6000000e+02   2.3510000e-06   8.3970000e-05   4.7010000e-06
   5.6100000e+02   2.4798319e-06   6.5597825e-05   4.4762619e-06
   5.6200000e+02   2.4632695e-06   5.3780818e-05   4.5122807e-06
   5.6300000e+02   2.4243223e-06   4.6488403e-05   4.6676592e-06
   5.6400000e+02   2.4860000e-06   4.1690000e-05   4.8010000e-06
   5.6500000e+02   2.7373098e-06   3.7847923e-05   4.7942646e-06
   5.6600000e+02   3.1312495e-06   3.5396050e-05   4.6228494e-06
   5.6700000e+02   3.5868144e-06   3.5261152e-05   4.2855095e-06
   5.6800000e+02   4.0230000e-06   3.8370000e-05   3.7810000e-06
   5.6900000e+02   4.4873351e-06   4.5624703e-05   3.1314297e-06
   5.7000000e+02   5.5414826e-06   5.7828731e-05   2.4523217e-06
   5.7100000e+02   7.8756387e-06   7.5760894e-05   1.8825528e-06
   5.7200000e+02   1.2180000e-05   1.0020000e-04   1.5610000e-06
   5.7300000e+02   1.9101272e-05   1.3137014e-04   1.5948762e-06
   5.7400000e+02   2.9112195e-05   1.6727652e-04   1.9647390e-06
   5.7500000e+02   4.2642021e-05   2.0536965e-04   2.6194823e-06
   5.7600000e+02   6.0120000e-05   2.4310000e-04   3.5080000e-06
   5.7700000e+02   8.1922281e-05   2.7823052e-04   4.5574563e-06
   5.7800000e+02   1.0821261e-04   3.0977392e-04   5.6080974e-06
   5.7900000e+02   1.3910164e-04   3.3705536e-04   6.4784398e-06
   5.8000000e+02   1.7470000e-04   3.5940000e-04   6.9870000e-06
   5.8100000e+02   2.1464804e-04   3.7612497e-04   7.0179391e-06
   5.8200000e+02   2.5670486e-04   3.8651530e-04   6.7179963e-06
   5.8300000e+02   2.9815925e-04   3.8984797e-04   6.2995553e-06
   5.8400000e+02   3.3630000e-04   3.8540000e-04   5.9750000e-06
   5.8500000e+02   3.6852681e-04   3.7279147e-04   5.8965217e-06
   5.8600000e+02   3.9268295e-04   3.5301490e-04   5.9755424e-06
   5.8700000e+02   4.0672262e-04   3.2740587e-04   6.0632920e-06
   5.8800000e+02   4.0860000e-04   2.9730000e-04   6.0110000e-06
   5.8900000e+02   3.9722755e-04   2.6413726e-04   5.7062867e-06
   5.9000000e+02   3.7535084e-04   2.2977511e-04   5.1823340e-06
   5.9100000e+02   3.4667371e-04   1.9617541e-04   4.5087143e-06
   5.9200000e+02   3.1490000e-04   1.6530000e-04   3.7550000e-06
   5.9300000e+02   2.8339737e-04   1.3869044e-04   2.9880972e-06
   5.9400000e+02   2.5418870e-04   1.1620715e-04   2.2642466e-06
   5.9500000e+02   2.2896068e-04   9.7290288e-05   1.6370227e-06
   5.9600000e+02   2.0940000e-04   8.1380000e-05   1.1600000e-06
   5.9700000e+02   1.9620953e-04   6.7953034e-05   8.6339021e-07
   5.9800000e+02   1.8615685e-04   5.6632542e-05   6.8395456e-07
   5.9900000e+02   1.7502575e-04   4.7078280e-05   5.3509164e-07
   6.0000000e+02   1.5860000e-04   3.8950000e-05   3.3020000e-07
   6.0100000e+02   1.3710671e-04   3.2191648e-05   3.4293560e-08
   6.0200000e+02   1.2854639e-04   2.7883932e-05  -1.8115236e-07
   6.0300000e+02   1.5536287e-04   2.7391750e-05  -9.3047107e-08
   6.0400000e+02   2.4000000e-04   3.2080000e-05   5.2170000e-07
   6.0500000e+02   3.9623549e-04   4.2650686e-05   1.7948840e-06
   6.0600000e+02   6.0318258e-04   5.7154231e-05   3.4931174e-06
   6.0700000e+02   8.3128838e-04   7.2978160e-05   5.2917171e-06
   6.0800000e+02   1.0510000e-03   8.7510000e-05   6.8660000e-06
   6.0900000e+02   1.2360013e-03   9.8500294e-05   7.9659189e-06
   6.1000000e+02   1.3729233e-03   1.0515165e-04   8.6399703e-06
   6.1100000e+02   1.4516336e-03   1.0702967e-04   9.0112865e-06
   6.1200000e+02   1.4620000e-03   1.0370000e-04   9.2030000e-06
   6.1300000e+02   1.4000874e-03   9.5142669e-05   9.3102357e-06
   6.1400000e+02   1.2867493e-03   8.2995438e-05   9.3160890e-06
   6.1500000e+02   1.1490366e-03   6.9310487e-05   9.1756478e-06
   6.1600000e+02   1.0140000e-03   5.6140000e-05   8.8440000e-06
   6.1700000e+02   9.0308823e-04   4.5148091e-05   8.2993414e-06
   6.1800000e+02   8.1534191e-04   3.6446604e-05   7.6122988e-06
   6.1900000e+02   7.4419964e-04   2.9759315e-05   6.8766068e-06
   6.2000000e+02   6.8310000e-04   2.4810000e-05   6.1860000e-06
   6.2100000e+02   6.2663159e-04   2.1281216e-05   5.6235862e-06
   6.2200000e+02   5.7398303e-04   1.8690646e-05   5.2299659e-06
   6.2300000e+02   5.2549295e-04   1.6514753e-05   5.0351126e-06
   6.2400000e+02   4.8150000e-04   1.4230000e-05   5.0690000e-06
   6.2500000e+02   4.4215261e-04   1.1494497e-05   5.3233138e-06
   6.2600000e+02   4.0683848e-04   8.6929371e-06   5.6365878e-06
   6.2700000e+02   3.7475511e-04   6.3916584e-06   5.8090679e-06
   6.2800000e+02   3.4510000e-04   5.1570000e-06   5.6410000e-06
   6.2900000e+02   3.1700797e-04   5.3655920e-06   5.0048306e-06
   6.3000000e+02   2.8936306e-04   6.6352308e-06   4.0618081e-06
   6.3100000e+02   2.6098662e-04   8.3940042e-06   3.0453816e-06
   6.3200000e+02   2.3070000e-04   1.0070000e-05   2.1890000e-06
   6.3300000e+02   1.9797331e-04   1.1186963e-05   1.6686139e-06
   6.3400000e+02   1.6487176e-04   1.1651265e-05   1.4301798e-06
   6.3500000e+02   1.3410933e-04   1.1464934e-05   1.3621558e-06
   6.3600000e+02   1.0840000e-04   1.0630000e-05   1.3530000e-06
   6.3700000e+02   8.9795814e-05   9.2257749e-06   1.3252763e-06
   6.3800000e+02   7.7701131e-05   7.6407098e-06   1.3379726e-06
   6.3900000e+02   7.0858383e-05   6.3405398e-06   1.4841825e-06
   6.4000000e+02   6.8010000e-05   5.7910000e-06   1.8570000e-06
   6.4100000e+02   6.8036871e-05   6.2767967e-06   2.5001872e-06
   6.4200000e+02   7.0373711e-05   7.3585208e-06   3.2601800e-06
   6.4300000e+02   7.4593697e-05   8.4157345e-06   3.9340828e-06
   6.4400000e+02   8.0270000e-05   8.8280000e-06   4.3190000e-06
   6.4500000e+02   8.6896079e-05   8.1560540e-06   4.2790376e-06
   6.4600000e+02   9.3646523e-05   6.6853320e-06   3.9463076e-06
   6.4700000e+02   9.9616206e-05   4.8824440e-06   3.5199239e-06
   6.4800000e+02   1.0390000e-04   3.2140000e-06   3.1990000e-06
   6.4900000e+02   1.0576335e-04   2.0419388e-06   3.1379439e-06
   6.5000000e+02   1.0515395e-04   1.3095137e-06   3.3123396e-06
   6.5100000e+02   1.0219007e-04   8.5530674e-07   3.6530656e-06
   6.5200000e+02   9.6990000e-05   5.1790000e-07   4.0910000e-06
   6.5300000e+02   8.9848197e-05   2.5386119e-07   4.5535151e-06
   6.5400000e+02   8.1763943e-05   4.9170080e-07   4.9539589e-06
   6.5500000e+02   7.3912717e-05   1.7779150e-06   5.2021733e-06
   6.5600000e+02   6.7470000e-05   4.6590000e-06   5.2080000e-06
   6.5700000e+02   6.3356992e-05   9.3197024e-06   4.9163081e-06
   6.5800000e+02   6.1477783e-05   1.4497771e-05   4.4120746e-06
   6.5900000e+02   6.1482182e-05   1.8569204e-05   3.8153039e-06
   6.6000000e+02   6.3020000e-05   1.9910000e-05   3.2460000e-06
   6.6100000e+02   6.5688521e-05   1.7465850e-05   2.7904088e-06
   6.6200000e+02   6.8874925e-05   1.2461204e-05   2.3997425e-06
   6.6300000e+02   7.1913867e-05   6.6902068e-06   1.9914550e-06
   6.6400000e+02   7.4140000e-05   1.9470000e-06   1.4830000e-06
   6.6500000e+02   7.5057049e-05  -4.1958962e-07   8.4666137e-07
   6.6600000e+02   7.4845017e-05  -8.4200006e-07   2.7404276e-07
   6.6700000e+02   7.3852976e-05  -1.9798547e-07   1.1577760e-08
   6.6800000e+02   7.2430000e-05   6.3470000e-07   3.0570000e-07
   6.6900000e+02   7.0870939e-05   9.7157301e-07   1.2903785e-06
   6.7000000e+02   6.9253757e-05   9.0123350e-07   2.6497239e-06
   6.7100000e+02   6.7602197e-05   7.0555225e-07   3.9553824e-06
   6.7200000e+02   6.5940000e-05   6.6640000e-07   4.7790000e-06
   6.7300000e+02   6.4309663e-05   9.9190540e-07   4.8275043e-06
   6.7400000e+02   6.2828704e-05   1.5952285e-06   4.3489490e-06
   6.7500000e+02   6.1633392e-05   2.3157874e-06   3.7266691e-06
   6.7600000e+02   6.0860000e-05   2.9930000e-06   3.3440000e-06
   6.7700000e+02   6.0566657e-05   3.5085226e-06   3.4787746e-06
   6.7800000e+02   6.0498928e-05   3.9129648e-06   3.9868177e-06
   6.7900000e+02   6.0324235e-05   4.2991746e-06   4.6184520e-06
   6.8000000e+02   5.9710000e-05   4.7600000e-06   5.1240000e-06
   6.8100000e+02   5.8439332e-05   5.3480480e-06   5.3002409e-06
   6.8200000e+02   5.6758083e-05   5.9549622e-06   5.1297801e-06
   6.8300000e+02   5.5027793e-05   6.4321453e-06   4.6416792e-06
   6.8400000e+02   5.3610000e-05   6.6310000e-06   3.8650000e-06
   6.8500000e+02   5.2750390e-05   6.4265511e-06   2.8580741e-06
   6.8600000e+02   5.2231239e-05   5.7883115e-06   1.7963119e-06
   6.8700000e+02   5.1718968e-05   4.7094162e-06   8.8439383e-07
   6.8800000e+02   5.0880000e-05   3.1830000e-06   3.2700000e-07
   6.8900000e+02   4.9471763e-05   1.3319475e-06   2.6057207e-07
   6.9000000e+02   4.7615711e-05  -2.0185833e-07   5.4859712e-07
   6.9100000e+02   4.5524303e-05  -6.4678501e-07   9.8632362e-07
   6.9200000e+02   4.3410000e-05   7.6880000e-07   1.3690000e-06
   6.9300000e+02   4.1445995e-05   4.4163901e-06   1.5324095e-06
   6.9400000e+02   3.9648418e-05   9.0669218e-06   1.4744746e-06
   6.9500000e+02   3.7994132e-05   1.3091193e-05   1.2336523e-06
   6.9600000e+02   3.6460000e-05   1.4860000e-05   8.4840000e-07
   6.9700000e+02   3.5202693e-05   1.3283508e-05   3.8248207e-07
   6.9800000e+02   3.5098116e-05   9.4293462e-06   8.9215522e-10
   6.9900000e+02   3.7201980e-05   4.9045114e-06  -1.0606884e-07
