   3.8000000e+02   1.9670000e-05   4.4770000e-06   2.7140000e-05
   3.8100000e+02   1.8943274e-05   4.3239278e-06   2.7522556e-05
   3.8200000e+02   1.7117349e-05   4.1589353e-06   2.8547207e-05
   3.8300000e+02   1.4540249e-05   3.9927252e-06   3.0180754e-05
   3.8400000e+02   1.1560000e-05   3.8360000e-06   3.2390000e-05
   3.8500000e+02   8.5246258e-06   3.6994623e-06   3.5141746e-05
   3.8600000e+02   5.7821513e-06   3.5938147e-06   3.8402793e-05
   3.8700000e+02   3.6806012e-06   3.5297597e-06   4.2139944e-05
   3.8800000e+02   2.5680000e-06   3.5180000e-06   4.6320000e-05
   3.8900000e+02   2.6312541e-06   3.5677230e-06   5.0868430e-05
   3.9000000e+02   3.4127960e-06   3.6820560e-06   5.5545370e-05
   3.9100000e+02   4.2939399e-06   3.8626109e-06   6.0069625e-05
   3.9200000e+02   4.6560000e-06   4.1110000e-06   6.4160000e-05
   3.9300000e+02   4.0731891e-06   4.4200206e-06   6.7679692e-05
   3.9400000e+02   2.8913147e-06   4.7472115e-06   7.1069477e-05
   3.9500000e+02   1.6490829e-06   5.0412966e-06   7.4914523e-05
   3.9600000e+02   8.8520000e-07   5.2510000e-06   7.9800000e-05
   3.9700000e+02   1.0076489e-06   5.3432101e-06   8.6197802e-05
   3.9800000e+02   1.9015202e-06   5.3574730e-06   9.4126723e-05
   3.9900000e+02   3.3211814e-06   5.3514995e-06   1.0349228e-04
   4.0000000e+02   5.0210000e-06   5.3830000e-06   1.1420000e-04
   4.0100000e+02   6.7524184e-06   5.4983890e-06   1.2612629e-04
   4.0200000e+02   8.2551794e-06   5.6988963e-06   1.3903113e-04
   4.0300000e+02   9.2661007e-06   5.9744554e-06   1.5264541e-04
   4.0400000e+02   9.5220000e-06   6.3150000e-06   1.6670000e-04
   4.0500000e+02   8.9028242e-06   6.7142495e-06   1.8104548e-04
   4.0600000e+02   7.8610370e-06   7.1810667e-06   1.9601125e-04
   4.0700000e+02   6.9922313e-06   7.7281006e-06   2.1204639e-04
   4.0800000e+02   6.8920000e-06   8.3680000e-06   2.2960000e-04
   4.0900000e+02   7.9722066e-06   9.1203007e-06   2.4903865e-04
   4.1000000e+02   9.9097974e-06   1.0032087e-05   2.7039887e-04
   4.1100000e+02   1.2197990e-05   1.1157329e-05   2.9363465e-04
   4.1200000e+02   1.4330000e-05   1.2550000e-05   3.1870000e-04
   4.1300000e+02   1.5906224e-05   1.4203845e-05   3.4552491e-04
   4.1400000e+02   1.6955773e-05   1.5871711e-05   3.7394329e-04
   4.1500000e+02   1.7614935e-05   1.7246222e-05   4.0376502e-04
   4.1600000e+02   1.8020000e-05   1.8020000e-05   4.3480000e-04
   4.1700000e+02   1.8255302e-05   1.8029570e-05   4.6698046e-04
   4.1800000e+02   1.8197359e-05   1.7687068e-05   5.0072799e-04
   4.1900000e+02   1.7670737e-05   1.7548532e-05   5.3658652e-04
   4.2000000e+02   1.6500000e-05   1.8170000e-05   5.7510000e-04
   4.2100000e+02   1.4645537e-05   1.9917874e-05   6.1654857e-04
   4.2200000e+02   1.2611039e-05   2.2400015e-05   6.6015727e-04
   4.2300000e+02   1.1036021e-05   2.5034649e-05   7.0488733e-04
   4.2400000e+02   1.0560000e-05   2.7240000e-05   7.4970000e-04
   4.2500000e+02   1.1623800e-05   2.8614090e-05   7.9370338e-04
   4.2600000e+02   1.3873485e-05   2.9474121e-05   8.3659294e-04
   4.2700000e+02   1.6756428e-05   3.0317091e-05   8.7821104e-04
   4.2800000e+02   1.9720000e-05   3.1640000e-05   9.1840000e-04
   4.2900000e+02   2.2310043e-05   3.3791392e-05   9.5706917e-04
   4.3000000e+02   2.4466271e-05   3.6526002e-05   9.9439595e-04
   4.3100000e+02   2.6226862e-05   3.9450111e-05   1.0306248e-03
   4.3200000e+02   2.7630000e-05   4.2170000e-05   1.0660000e-03
   4.3300000e+02   2.8702901e-05   4.4377217e-05   1.1007059e-03
   4.3400000e+02   2.9428933e-05   4.6104372e-05   1.1346857e-03
   4.3500000e+02   2.9780498e-05   4.7469341e-05   1.1678227e-03
   4.3600000e+02   2.9730000e-05   4.8590000e-05   1.2000000e-03
   4.3700000e+02   2.9316633e-05   4.9573647e-05   1.2310886e-03
   4.3800000e+02   2.8846749e-05   5.0485262e-05   1.2609111e-03
   4.3900000e+02   2.8693491e-05   5.1379246e-05   1.2892780e-03
   4.4000000e+02   2.9230000e-05   5.2310000e-05   1.3160000e-03
   4.4100000e+02   3.0700098e-05   5.3321477e-05   1.3408930e-03
   4.4200000e+02   3.2830321e-05   5.4415832e-05   1.3637950e-03
   4.4300000e+02   3.5217884e-05   5.5584771e-05   1.3845495e-03
   4.4400000e+02   3.7460000e-05   5.6820000e-05   1.4030000e-03
   4.4500000e+02   3.9218755e-05   5.8116851e-05   1.4189333e-03
   4.4600000e+02   4.0415716e-05   5.9485161e-05   1.4319091e-03
   4.4700000e+02   4.1037319e-05   6.0938390e-05   1.4414303e-03
   4.4800000e+02   4.1070000e-05   6.2490000e-05   1.4470000e-03
   4.4900000e+02   4.0543318e-05   6.4147993e-05   1.4483270e-03
   4.5000000e+02   3.9659314e-05   6.5898526e-05   1.4459437e-03
   4.5100000e+02   3.8663154e-05   6.7722296e-05   1.4405886e-03
   4.5200000e+02   3.7800000e-05   6.9600000e-05   1.4330000e-03
   4.5300000e+02   3.7238131e-05   7.1514615e-05   1.4237745e-03
   4.5400000e+02   3.6838277e-05   7.3458236e-05   1.4129412e-03
   4.5500000e+02   3.6384285e-05   7.5425239e-05   1.4003873e-03
   4.5600000e+02   3.5660000e-05   7.7410000e-05   1.3860000e-03
   4.5700000e+02   3.4576973e-05   7.9444954e-05   1.3697313e-03
   4.5800000e+02   3.3557577e-05   8.1714780e-05   1.3517917e-03
   4.5900000e+02   3.3151893e-05   8.4442216e-05   1.3324562e-03
   4.6000000e+02   3.3910000e-05   8.7850000e-05   1.3120000e-03
   4.6100000e+02   3.6190072e-05   9.2082130e-05   1.2906440e-03
   4.6200000e+02   3.9582663e-05   9.6967643e-05   1.2683922e-03
   4.6300000e+02   4.3486423e-05   1.0225683e-04   1.2451943e-03
   4.6400000e+02   4.7300000e-05   1.0770000e-04   1.2210000e-03
   4.6500000e+02   5.0496646e-05   1.1312840e-04   1.1958176e-03
   4.6600000e+02   5.2848020e-05   1.1869715e-04   1.1698894e-03
   4.6700000e+02   5.4200384e-05   1.2464232e-04   1.1435166e-03
   4.6800000e+02   5.4400000e-05   1.3120000e-04   1.1170000e-03
   4.6900000e+02   5.3399127e-05   1.3857380e-04   1.0904763e-03
   4.7000000e+02   5.1574008e-05   1.4683752e-04   1.0634250e-03
   4.7100000e+02   4.9406885e-05   1.5603248e-04   1.0351612e-03
   4.7200000e+02   4.7380000e-05   1.6620000e-04   1.0050000e-03
   4.7300000e+02   4.5832473e-05   1.7737170e-04   9.7254585e-04
   4.7400000e+02   4.4530948e-05   1.8954027e-04   9.3856045e-04
   4.7500000e+02   4.3098949e-05   2.0268871e-04   9.0409483e-04
   4.7600000e+02   4.1160000e-05   2.1680000e-04   8.7020000e-04
   4.7700000e+02   3.8495824e-05   2.3185660e-04   8.3772309e-04
   4.7800000e+02   3.5520948e-05   2.4783890e-04   8.0669566e-04
   4.7900000e+02   3.2808098e-05   2.6472674e-04   7.7694540e-04
   4.8000000e+02   3.0930000e-05   2.8250000e-04   7.4830000e-04
   4.8100000e+02   3.0322511e-05   3.0113939e-04   7.2060087e-04
   4.8200000e+02   3.0874009e-05   3.2062914e-04   6.9374441e-04
   4.8300000e+02   3.2336002e-05   3.4095431e-04   6.6764074e-04
   4.8400000e+02   3.4460000e-05   3.6210000e-04   6.4220000e-04
   4.8500000e+02   3.7028508e-05   3.8405769e-04   6.1735468e-04
   4.8600000e+02   3.9948018e-05   4.0684455e-04   5.9312671e-04
   4.8700000e+02   4.3156019e-05   4.3048413e-04   5.6956038e-04
   4.8800000e+02   4.6590000e-05   4.5500000e-04   5.4670000e-04
   4.8900000e+02   5.0187208e-05   4.8039233e-04   5.2459448e-04
   4.9000000e+02   5.3883921e-05   5.0656767e-04   5.0331126e-04
   4.9100000e+02   5.7616173e-05   5.3340917e-04   4.8292241e-04
   4.9200000e+02   6.1320000e-05   5.6080000e-04   4.6350000e-04
   4.9300000e+02   6.4828753e-05   5.8867456e-04   4.4504865e-04
   4.9400000e+02   6.7565049e-05   6.1717228e-04   4.2730324e-04
   4.9500000e+02   6.8848820e-05   6.4648386e-04   4.0993121e-04
   4.9600000e+02   6.8000000e-05   6.7680000e-04   3.9260000e-04
   4.9700000e+02   6.4612780e-05   7.0820008e-04   3.7509686e-04
   4.9800000e+02   5.9378384e-05   7.4031822e-04   3.5768827e-04
   4.9900000e+02   5.3262296e-05   7.7267726e-04   3.4076055e-04
   5.0000000e+02   4.7230000e-05   8.0480000e-04   3.2470000e-04
   5.0100000e+02   4.2135910e-05   8.3630014e-04   3.0980768e-04
   5.0200000e+02   3.8390166e-05   8.6715483e-04   2.9604367e-04
   5.0300000e+02   3.6291839e-05   8.9743211e-04   2.8328283e-04
   5.0400000e+02   3.6140000e-05   9.2720000e-04   2.7140000e-04
   5.0500000e+02   3.8154049e-05   9.5648687e-04   2.6028806e-04
   5.0600000e+02   4.2234702e-05   9.8516244e-04   2.4991203e-04
   5.0700000e+02   4.8203004e-05   1.0130568e-03   2.4025499e-04
   5.0800000e+02   5.5880000e-05   1.0400000e-03   2.3130000e-04
   5.0900000e+02   6.4885237e-05   1.0658243e-03   2.2300416e-04
   5.1000000e+02   7.4032274e-05   1.0903704e-03   2.1522070e-04
   5.1100000e+02   8.1933175e-05   1.1134813e-03   2.0777690e-04
   5.1200000e+02   8.7200000e-05   1.1350000e-03   2.0050000e-04
   5.1300000e+02   8.8767034e-05   1.1548161e-03   1.9325936e-04
   5.1400000e+02   8.6857450e-05   1.1730060e-03   1.8609265e-04
   5.1500000e+02   8.2016640e-05   1.1896929e-03   1.7907962e-04
   5.1600000e+02   7.4790000e-05   1.2050000e-03   1.7230000e-04
   5.1700000e+02   6.5846157e-05   1.2190208e-03   1.6582089e-04
   5.1800000e+02   5.6346677e-05   1.2317306e-03   1.5965868e-04
   5.1900000e+02   4.7576358e-05   1.2430751e-03   1.5381714e-04
   5.2000000e+02   4.0820000e-05   1.2530000e-03   1.4830000e-04
   5.2100000e+02   3.7014118e-05   1.2614757e-03   1.4310084e-04
   5.2200000e+02   3.5702093e-05   1.2685716e-03   1.3817261e-04
   5.2300000e+02   3.6079022e-05   1.2743817e-03   1.3345807e-04
   5.2400000e+02   3.7340000e-05   1.2790000e-03   1.2890000e-04
   5.2500000e+02   3.8812369e-05   1.2825138e-03   1.2446324e-04
   5.2600000e+02   4.0352449e-05   1.2849830e-03   1.2020088e-04
   5.2700000e+02   4.1948805e-05   1.2864607e-03   1.1618808e-04
   5.2800000e+02   4.3590000e-05   1.2870000e-03   1.1250000e-04
   5.2900000e+02   4.5594529e-05   1.2866722e-03   1.0919151e-04
   5.3000000e+02   4.9600609e-05   1.2856214e-03   1.0623636e-04
   5.3100000e+02   5.7576384e-05   1.2840099e-03   1.0358804e-04
   5.3200000e+02   7.1490000e-05   1.2820000e-03   1.0120000e-04
   5.3300000e+02   9.2448888e-05   1.2796880e-03   9.9035881e-05
   5.3400000e+02   1.1811762e-04   1.2769063e-03   9.7099914e-05
   5.3500000e+02   1.4530004e-04   1.2734215e-03   9.5406491e-05
   5.3600000e+02   1.7080000e-04   1.2690000e-03   9.3970000e-05
   5.3700000e+02   1.9162679e-04   1.2634040e-03   9.2785750e-05
   5.3800000e+02   2.0561143e-04   1.2563784e-03   9.1772729e-05
   5.3900000e+02   2.1079035e-04   1.2476635e-03   9.0830843e-05
   5.4000000e+02   2.0520000e-04   1.2370000e-03   8.9860000e-05
   5.4100000e+02   1.8801472e-04   1.2241959e-03   8.8757682e-05
   5.4200000e+02   1.6296043e-04   1.2093302e-03   8.7411670e-05
   5.4300000e+02   1.3490092e-04   1.1925494e-03   8.5707324e-05
   5.4400000e+02   1.0870000e-04   1.1740000e-03   8.3530000e-05
   5.4500000e+02   8.8310877e-05   1.1539060e-03   8.0814305e-05
   5.4600000e+02   7.4044362e-05   1.1328008e-03   7.7691839e-05
   5.4700000e+02   6.5300665e-05   1.1112952e-03   7.4343454e-05
   5.4800000e+02   6.1480000e-05   1.0900000e-03   7.0950000e-05
   5.4900000e+02   6.1864111e-05   1.0693677e-03   6.7674631e-05
   5.5000000e+02   6.5260875e-05   1.0492168e-03   6.4609722e-05
   5.5100000e+02   7.0359701e-05   1.0292075e-03   6.1829952e-05
   5.5200000e+02   7.5850000e-05   1.0090000e-03   5.9410000e-05
   5.5300000e+02   8.0527210e-05   9.8830775e-04   5.7383889e-05
   5.5400000e+02   8.3610888e-05   9.6705718e-04   5.5623022e-05
   5.5500000e+02   8.4426623e-05   9.4522803e-04   5.3958143e-05
   5.5600000e+02   8.2300000e-05   9.2280000e-04   5.2220000e-05
   5.5700000e+02   7.6905643e-05   8.9982636e-04   5.0288874e-05
   5.5800000e+02   6.9314321e-05   8.7665451e-04   4.8243190e-05
   5.5900000e+02   6.0945838e-05   8.5370541e-04   4.6210912e-05
   5.6000000e+02   5.3220000e-05   8.3140000e-04   4.4320000e-05
   5.6100000e+02   4.7273342e-05   8.0995402e-04   4.2666554e-05
   5.6200000e+02   4.3109327e-05   7.8876229e-04   4.1219218e-05
   5.6300000e+02   4.0448149e-05   7.6701441e-04   3.9914773e-05
   5.6400000e+02   3.9010000e-05   7.4390000e-04   3.8690000e-05
   5.6500000e+02   3.8480363e-05   7.1894976e-04   3.7487410e-05
   5.6600000e+02   3.8405870e-05   6.9305884e-04   3.6272438e-05
   5.6700000e+02   3.8298443e-05   6.6746350e-04   3.5016246e-05
   5.6800000e+02   3.7670000e-05   6.4340000e-04   3.3690000e-05
   5.6900000e+02   3.6213018e-05   6.2177038e-04   3.2285679e-05
   5.7000000e+02   3.4342191e-05   6.0213985e-04   3.0878530e-05
   5.7100000e+02   3.2652769e-05   5.8373940e-04   2.9564616e-05
   5.7200000e+02   3.1740000e-05   5.6580000e-04   2.8440000e-05
   5.7300000e+02   3.2235221e-05   5.4773902e-04   2.7568154e-05
   5.7400000e+02   3.4914115e-05   5.2971925e-04   2.6882191e-05
   5.7500000e+02   4.0588451e-05   5.1208985e-04   2.6282632e-05
   5.7600000e+02   5.0070000e-05   4.9520000e-04   2.5670000e-05
   5.7700000e+02   6.4123598e-05   4.7932355e-04   2.4978735e-05
   5.7800000e+02   8.3326351e-05   4.6443316e-04   2.4278955e-05
   5.7900000e+02   1.0820843e-04   4.5042619e-04   2.3674698e-05
   5.8000000e+02   1.3930000e-04   4.3720000e-04   2.3270000e-05
   5.8100000e+02   1.7624585e-04   4.2459335e-04   2.3136125e-05
   5.8200000e+02   2.1514923e-04   4.1221062e-04   2.3213239e-05
   5.8300000e+02   2.5122800e-04   3.9959757e-04   2.3408733e-05
   5.8400000e+02   2.7970000e-04   3.8630000e-04   2.3630000e-05
   5.8500000e+02   2.9776470e-04   3.7209524e-04   2.3799265e-05
   5.8600000e+02   3.1054797e-04   3.5768687e-04   2.3898090e-05
   5.8700000e+02   3.2515725e-04   3.4401008e-04   2.3922870e-05
   5.8800000e+02   3.4870000e-04   3.3200000e-04   2.3870000e-05
   5.8900000e+02   3.8608908e-04   3.2230071e-04   2.3739158e-05
   5.9000000e+02   4.3345890e-04   3.1439188e-04   2.3543151e-05
   5.9100000e+02   4.8474927e-04   3.0746212e-04   2.3298069e-05
   5.9200000e+02   5.3390000e-04   3.0070000e-04   2.3020000e-05
   5.9300000e+02   5.7469148e-04   2.9336287e-04   2.2704883e-05
   5.9400000e+02   6.0026644e-04   2.8498309e-04   2.2268055e-05
   5.9500000e+02   6.0360818e-04   2.7516176e-04   2.1604698e-05
   5.9600000e+02   5.7770000e-04   2.6350000e-04   2.0610000e-05
   5.9700000e+02   5.1908718e-04   2.4983843e-04   1.9226777e-05
   5.9800000e+02   4.3856284e-04   2.3497576e-04   1.7588381e-05
   5.9900000e+02   3.5048208e-04   2.1995021e-04   1.5875794e-05
   6.0000000e+02   2.6920000e-04   2.0580000e-04   1.4270000e-05
   6.0100000e+02   2.0620669e-04   1.9335528e-04   1.2926758e-05
   6.0200000e+02   1.6153222e-04   1.8261387e-04   1.1900923e-05
   6.0300000e+02   1.3234163e-04   1.7336552e-04   1.1222127e-05
   6.0400000e+02   1.1580000e-04   1.6540000e-04   1.0920000e-05
   6.0500000e+02   1.1044544e-04   1.5860609e-04   1.1028067e-05
   6.0600000e+02   1.2030830e-04   1.5326877e-04   1.1595427e-05
   6.0700000e+02   1.5079201e-04   1.4977207e-04   1.2675073e-05
   6.0800000e+02   2.0730000e-04   1.4850000e-04   1.4320000e-05
   6.0900000e+02   2.9430219e-04   1.4977505e-04   1.6546757e-05
   6.1000000e+02   4.1253459e-04   1.5367355e-04   1.9226120e-05
   6.1100000e+02   5.6179969e-04   1.6021027e-04   2.2192423e-05
   6.1200000e+02   7.4190000e-04   1.6940000e-04   2.5280000e-05
   6.1300000e+02   9.4776767e-04   1.8087183e-04   2.8295844e-05
   6.1400000e+02   1.1548534e-03   1.9271205e-04   3.0937593e-05
   6.1500000e+02   1.3337374e-03   2.0262124e-04   3.2875546e-05
   6.1600000e+02   1.4550000e-03   2.0830000e-04   3.3780000e-05
   6.1700000e+02   1.5067928e-03   2.0880638e-04   3.3600492e-05
   6.1800000e+02   1.5475520e-03   2.0862826e-04   3.3403507e-05
   6.1900000e+02   1.6532852e-03   2.1361102e-04   3.4534769e-05
   6.2000000e+02   1.9000000e-03   2.2960000e-04   3.8340000e-05
   6.2100000e+02   2.3327379e-03   2.6004954e-04   4.5602814e-05
   6.2200000e+02   2.8726762e-03   2.9884990e-04   5.4858379e-05
   6.2300000e+02   3.4100265e-03   3.3750031e-04   6.4079755e-05
   6.2400000e+02   3.8350000e-03   3.6750000e-04   7.1240000e-05
   6.2500000e+02   4.0585839e-03   3.8194546e-04   7.4715441e-05
   6.2600000e+02   4.0748681e-03   3.8032215e-04   7.4495477e-05
   6.2700000e+02   3.8987183e-03   3.6371276e-04   7.0972774e-05
   6.2800000e+02   3.5450000e-03   3.3320000e-04   6.4540000e-05
   6.2900000e+02   3.0390984e-03   2.9071236e-04   5.5720422e-05
   6.3000000e+02   2.4484763e-03   2.4156151e-04   4.5559713e-05
   6.3100000e+02   1.8511161e-03   1.9190490e-04   3.5234148e-05
   6.3200000e+02   1.3250000e-03   1.4790000e-04   2.5920000e-05
   6.3300000e+02   9.3013192e-04   1.1429431e-04   1.8552590e-05
   6.3400000e+02   6.5460167e-04   9.0195558e-05   1.3103421e-05
   6.3500000e+02   4.6852059e-04   7.3301528e-05   9.3030413e-06
   6.3600000e+02   3.4200000e-04   6.1310000e-05   6.8820000e-06
   6.3700000e+02   2.4936454e-04   5.2232278e-05   5.5529678e-06
   6.3800000e+02   1.8179200e-04   4.5333757e-05   4.9571033e-06
   6.3900000e+02   1.3467346e-04   4.0193358e-05   4.7176872e-06
   6.4000000e+02   1.0340000e-04   3.6390000e-05   4.4580000e-06
   6.4100000e+02   8.3635068e-05   3.3535955e-05   3.9034919e-06
   6.4200000e+02   7.2131573e-05   3.1376912e-05   3.1882909e-06
   6.4300000e+02   6.5914792e-05   2.9691913e-05   2.5486944e-06
   6.4400000e+02   6.2010000e-05   2.8260000e-05   2.2210000e-06
   6.4500000e+02   5.8040189e-05   2.6899527e-05   2.3652208e-06
   6.4600000e+02   5.4019208e-05   2.5586094e-05   2.8362331e-06
   6.4700000e+02   5.0558623e-05   2.4334614e-05   3.4126288e-06
   6.4800000e+02   4.8270000e-05   2.3160000e-05   3.8730000e-06
   6.4900000e+02   4.7571991e-05   2.2081251e-05   4.0557343e-06
   6.5000000e+02   4.8111596e-05   2.1133713e-05   4.0384018e-06
   6.5100000e+02   4.9342903e-05   2.0356818e-05   3.9583684e-06
   6.5200000e+02   5.0720000e-05   1.9790000e-05   3.9530000e-06
   6.5300000e+02   5.1758724e-05   1.9442658e-05   4.1183734e-06
   6.5400000e+02   5.2221909e-05   1.9204056e-05   4.3854098e-06
   6.5500000e+02   5.1934139e-05   1.8933426e-05   4.6437413e-06
   6.5600000e+02   5.0720000e-05   1.8490000e-05   4.7830000e-06
   6.5700000e+02   4.8511709e-05   1.7779993e-05   4.7276782e-06
   6.5800000e+02   4.5672019e-05   1.6897563e-05   4.5417089e-06
   6.5900000e+02   4.2671320e-05   1.5983852e-05   4.3238851e-06
   6.6000000e+02   3.9980000e-05   1.5180000e-05   4.1730000e-06
   6.6100000e+02   3.7974755e-05   1.4587525e-05   4.1535387e-06
   6.6200000e+02   3.6657514e-05   1.4149441e-05   4.1927546e-06
   6.6300000e+02   3.5936516e-05   1.3769136e-05   4.1835933e-06
   6.6400000e+02   3.5720000e-05   1.3350000e-05   4.0190000e-06
   6.6500000e+02   3.5958648e-05   1.2828813e-05   3.6304169e-06
   6.6600000e+02   3.6772924e-05   1.2275923e-05   3.1032725e-06
   6.6700000e+02   3.8325739e-05   1.1795072e-05   2.5614919e-06
   6.6800000e+02   4.0780000e-05   1.1490000e-05   2.1290000e-06
   6.6900000e+02   4.4111591e-05   1.1415662e-05   1.8984342e-06
   6.7000000e+02   4.7548288e-05   1.1431867e-05   1.8372802e-06
   6.7100000e+02   5.0130841e-05   1.1349638e-05   1.8817362e-06
   6.7200000e+02   5.0900000e-05   1.0980000e-05   1.9680000e-06
   6.7300000e+02   4.9260925e-05   1.0211666e-05   2.0474089e-06
   6.7400000e+02   4.6076422e-05   9.2441106e-06   2.1318565e-06
   6.7500000e+02   4.2573708e-05   8.3545001e-06   2.2483759e-06
   6.7600000e+02   3.9980000e-05   7.8200000e-06   2.4240000e-06
   6.7700000e+02   3.9464865e-05   7.8445505e-06   2.6788835e-06
   6.7800000e+02   4.1967273e-05   8.3391912e-06   3.0056686e-06
   6.7900000e+02   4.8368545e-05   9.1417363e-06   3.3901194e-06
   6.8000000e+02   5.9550000e-05   1.0090000e-05   3.8180000e-06
   6.8100000e+02   7.5769459e-05   1.1052163e-05   4.2708697e-06
   6.8200000e+02   9.4790735e-05   1.2017875e-05   4.7134690e-06
   6.8300000e+02   1.1375414e-04   1.3007149e-05   5.1063338e-06
   6.8400000e+02   1.2980000e-04   1.4040000e-05   5.4100000e-06
   6.8500000e+02   1.4062152e-04   1.5094452e-05   5.5902316e-06
   6.8600000e+02   1.4612354e-04   1.5980560e-05   5.6337055e-06
   6.8700000e+02   1.4676378e-04   1.6466388e-05   5.5323266e-06
   6.8800000e+02   1.4300000e-04   1.6320000e-05   5.2780000e-06
   6.8900000e+02   1.3552649e-04   1.5425497e-05   4.8849069e-06
   6.9000000e+02   1.2598387e-04   1.4131135e-05   4.4563340e-06
   6.9100000e+02   1.1624932e-04   1.2901205e-05   4.1178441e-06
   6.9200000e+02   1.0820000e-04   1.2200000e-05   3.9950000e-06
   6.9300000e+02   1.0467875e-04   1.2447308e-05   4.1890313e-06
   6.9400000e+02   1.1239097e-04   1.3884900e-05   4.7038335e-06
   6.9500000e+02   1.3900771e-04   1.6710042e-05   5.5189690e-06
   6.9600000e+02   1.9220000e-04   2.1120000e-05   6.6140000e-06
   6.9700000e+02   2.7947725e-04   2.7432457e-05   8.0101399e-06
   6.9800000e+02   4.0770224e-04   3.6446765e-05   9.8952069e-06
   6.9900000e+02   5.8357611e-04   4.9082690e-05   1.2498670e-05
   7.0000000e+02   8.1380000e-04   6.6260000e-05   1.6050000e-05
   7.0100000e+02   1.0964154e-03   8.8134737e-05   2.0607519e-05
   7.0200000e+02   1.3948251e-03   1.1180804e-04   2.5544964e-05
   7.0300000e+02   1.6637722e-03   1.3361732e-04   3.0064927e-05
   7.0400000e+02   1.8580000e-03   1.4990000e-04   3.3370000e-05
   7.0500000e+02   1.9413675e-03   1.5767453e-04   3.4817098e-05
   7.0600000e+02   1.9141975e-03   1.5668357e-04   3.4380437e-05
   7.0700000e+02   1.7859287e-03   1.4735083e-04   3.2188558e-05
   7.0800000e+02   1.5660000e-03   1.3010000e-04   2.8370000e-05
   7.0900000e+02   1.2701428e-03   1.0596761e-04   2.3169307e-05
   7.1000000e+02   9.3926005e-04   7.8441419e-05   1.7295037e-05
   7.1100000e+02   6.2054724e-04   5.1622022e-05   1.1571748e-05
   7.1200000e+02   3.6120000e-04   2.9610000e-05   6.8240000e-06
   7.1300000e+02   1.9597756e-04   1.5455745e-05   3.6794378e-06
   7.1400000e+02   1.0989357e-04   8.0088769e-06   1.9780410e-06
   7.1500000e+02   7.5525292e-05   5.0688199e-06   1.3628737e-06
   7.1600000e+02   6.5450000e-05   4.4350000e-06   1.4770000e-06
   7.1700000e+02   5.7045363e-05   4.2830833e-06   1.9842540e-06
   7.1800000e+02   4.6890680e-05   4.2936984e-06   2.6315494e-06
   7.1900000e+02   3.6365657e-05   4.5237143e-06   3.1865702e-06
   7.2000000e+02   2.6850000e-05   5.0300000e-06   3.4170000e-06
   7.2100000e+02   1.9568334e-05   5.8180774e-06   3.1648276e-06
   7.2200000e+02   1.5124964e-05   6.6880793e-06   2.5692613e-06
   7.2300000e+02   1.3969111e-05   7.3887917e-06   1.8438144e-06
   7.2400000e+02   1.6550000e-05   7.6690000e-06   1.2020000e-06
   7.2500000e+02   2.2774269e-05   7.3549197e-06   8.0455434e-07
   7.2600000e+02   3.0378215e-05   6.5824842e-06   6.0110527e-07
   7.2700000e+02   3.6555555e-05   5.5650566e-06   4.8850356e-07
   7.2800000e+02   3.8500000e-05   4.5160000e-06   3.6360000e-07
   7.2900000e+02   3.4383654e-05   3.6423377e-06   1.6567533e-07
   7.3000000e+02   2.6292175e-05   3.1257339e-06   3.7300986e-09
   7.3100000e+02   1.7289608e-05   3.1415132e-06   2.9194820e-08
   7.3200000e+02   1.0440000e-05   3.8650000e-06   3.9350000e-07
   7.3300000e+02   7.9648649e-06   5.3661670e-06   1.1670022e-06
   7.3400000e+02   8.7155860e-06   7.2935801e-06   2.0957618e-06
   7.3500000e+02   1.0701014e-05   9.1904531e-06   2.8447656e-06
   7.3600000e+02   1.1930000e-05   1.0600000e-05   3.0790000e-06
   7.3700000e+02   1.0963949e-05   1.1167322e-05   2.6097957e-06
   7.3800000e+02   8.5744812e-06   1.0945071e-05   1.8338601e-06
   7.3900000e+02   6.0857732e-06   1.0087784e-05   1.2942443e-06
   7.4000000e+02   4.8220000e-06   8.7500000e-06   1.5340000e-06
   7.4100000e+02   5.7485906e-06   7.1094970e-06   2.8834321e-06
   7.4200000e+02   8.3959890e-06   5.4370118e-06   4.8218605e-06
   7.4300000e+02   1.1935893e-05   4.0265206e-06   6.6158586e-06
   7.4400000e+02   1.5540000e-05   3.1720000e-06   7.5320000e-06
   7.4500000e+02   1.8496376e-05   3.0993927e-06   7.0789915e-06
   7.4600000e+02   2.0558563e-05   3.7625070e-06   5.7340731e-06
   7.4700000e+02   2.1596467e-05   5.0471179e-06   4.2166182e-06
   7.4800000e+02   2.1480000e-05   6.8390000e-06   3.2460000e-06
   7.4900000e+02   2.0215966e-05   8.9569792e-06   3.3721800e-06
   7.5000000e+02   1.8358761e-05   1.0952085e-05   4.4674720e-06
   7.5100000e+02   1.6599675e-05   1.2308398e-05   6.2347780e-06
   7.5200000e+02   1.5630000e-05   1.2510000e-05   8.3770000e-06
   7.5300000e+02   1.5917259e-05   1.1236284e-05   1.0558398e-05
   7.5400000e+02   1.7033895e-05   8.9479027e-06   1.2288664e-05
   7.5500000e+02   1.8328584e-05   6.3008196e-06   1.3038848e-05
   7.5600000e+02   1.9150000e-05   3.9510000e-06   1.2280000e-05
   7.5700000e+02   1.8967811e-05   2.3980626e-06   9.7494312e-06
   7.5800000e+02   1.7735659e-05   1.5162416e-06   6.2494972e-06
   7.5900000e+02   1.5528177e-05   1.0234247e-06   2.8488146e-06
   7.6000000e+02   1.2420000e-05   6.3750000e-07   6.1600000e-07
   7.6100000e+02   8.6301364e-06   1.7256652e-07   3.0495517e-07
   7.6200000e+02   4.9550938e-06  -1.7243157e-07   1.4107221e-06
   7.6300000e+02   2.3357543e-06  -1.0233887e-07   3.1136281e-06
   7.6400000e+02   1.7130000e-06   6.7800000e-07   4.5940000e-06
   7.6500000e+02   3.6590336e-06   2.3248354e-06   5.2146856e-06
   7.6600000e+02   7.2713407e-06   4.4387972e-06   5.0686142e-06
   7.6700000e+02   1.1278727e-05   6.4816104e-06   4.4312357e-06
   7.6800000e+02   1.4410000e-05   7.9150000e-06   3.5780000e-06
   7.6900000e+02   1.5706620e-05   8.3700999e-06   2.7850682e-06
   7.7000000e+02   1.5460668e-05   8.1556803e-06   2.3314461e-06
   7.7100000e+02   1.4276883e-05   7.7499206e-06   2.4968510e-06
   7.7200000e+02   1.2760000e-05   7.6310000e-06   3.5610000e-06
   7.7300000e+02   1.1407628e-05   8.1499526e-06   5.6867449e-06
   7.7400000e+02   1.0288861e-05   9.1492316e-06   8.5694763e-06
   7.7500000e+02   9.3656628e-06   1.0344145e-05   1.1787720e-05
   7.7600000e+02   8.6000000e-06   1.1450000e-05   1.4920000e-05
   7.7700000e+02   7.9538372e-06   1.2182105e-05   1.7544843e-05
   7.7800000e+02   7.3891395e-06   1.2255768e-05   1.9240774e-05
   7.7900000e+02   6.8678720e-06   1.1386297e-05   1.9586318e-05
   7.8000000e+02   6.3520000e-06   9.2890000e-06   1.8160000e-05
   7.8100000e+02   0.0000000e+00   0.0000000e+00   0.0000000e+00
   7.8200000e+02   0.0000000e+00   0.0000000e+00   0.0000000e+00
   7.8300000e+02   0.0000000e+00   0.0000000e+00   0.0000000e+00
   7.8400000e+02   0.0000000e+00   0.0000000e+00   0.0000000e+00
   7.8500000e+02   0.0000000e+00   0.0000000e+00   0.0000000e+00
   7.8600000e+02   0.0000000e+00   0.0000000e+00   0.0000000e+00
   7.8700000e+02   0.0000000e+00   0.0000000e+00   0.0000000e+00
   7.8800000e+02   0.0000000e+00   0.0000000e+00   0.0000000e+00
   7.8900000e+02   0.0000000e+00   0.0000000e+00   0.0000000e+00
   7.9000000e+02   0.0000000e+00   0.0000000e+00   0.0000000e+00
   7.9100000e+02   0.0000000e+00   0.0000000e+00   0.0000000e+00
   7.9200000e+02   0.0000000e+00   0.0000000e+00   0.0000000e+00
   7.9300000e+02   0.0000000e+00   0.0000000e+00   0.0000000e+00
   7.9400000e+02   0.0000000e+00   0.0000000e+00   0.0000000e+00
   7.9500000e+02   0.0000000e+00   0.0000000e+00   0.0000000e+00
   7.9600000e+02   0.0000000e+00   0.0000000e+00   0.0000000e+00
   7.9700000e+02   0.0000000e+00   0.0000000e+00   0.0000000e+00
   7.9800000e+02   0.0000000e+00   0.0000000e+00   0.0000000e+00
   7.9900000e+02   0.0000000e+00   0.0000000e+00   0.0000000e+00
